0.0
0.1315946676632199
0.2626155642389312
0.3930652885818656
0.5229560674822
0.6523092454272423
0.7811546560024791
0.9095299012528403
1.0374795626521556
1.1650543639373958
1.2923103023181692
1.4193077607816738
1.546110610628636
1.672785310186471
1.7994000029883763
1.9260236166737337
2.0527249625144264
2.179571834836566
2.3066301097016257
2.4339628430331226
2.561629369906229
2.6896844089191863
2.8181771783708034
2.947150534274897
3.07664014390085
3.206673712334753
3.3372702832421326
3.4684396382556066
3.6001818218339863
3.7324868196413785
3.865334418081776
3.9986942702582096
4.132526189078891
4.26678068144764
4.401399728611042
4.536317807194649
4.671463133893013
4.806759105034457
4.942125891297183
5.077482138699137
5.212746720499863
5.347840481486629
5.482687916593138
5.6172187298680685
5.751369227058412
5.885083504780455
6.018314410498763
6.151024259322007
