
3.7795000000000156  1.6408314721745467
3.795850000000015  1.6441792205165435
3.812200000000016  1.6471391191918197
3.828550000000016  1.646903583267166
3.844900000000015  1.6499460247524713
3.861250000000016  1.6543838485319025
3.8776000000000153  1.6564477894353151
3.8939500000000153  1.6577906411639114
3.9103000000000163  1.6624263127238204
3.9266500000000164  1.6672234993793493
3.9430000000000165  1.6669003342391944
3.9593500000000166  1.670942621496786
3.9757000000000158  1.6735278718820936
3.992050000000016  1.6737629899616535
4.008400000000017  1.6736129017833732
4.024750000000016  1.6762756118840594
4.041100000000015  1.6835518032287715
4.057450000000016  1.6853326054721383
4.073800000000017  1.6867417502150572
4.090150000000016  1.6864633191616785
4.106500000000017  1.685575195667738
4.1228500000000174  1.6874659410402963
4.1392000000000175  1.6888126669004135
4.155550000000017  1.6887788070213967
4.171900000000017  1.6896925725670153
4.188250000000017  1.6915487614983433
4.204600000000017  1.6921057756003497
4.220950000000018  1.692508025902709
4.237300000000017  1.6954753573967227
4.253650000000017  1.695598878405166
4.270000000000018  1.6964317252468615
4.286350000000017  1.6980850453207832
4.3027000000000175  1.6993886248937662
4.319050000000018  1.7008417073385396
4.335400000000017  1.702241387360477
4.351750000000017  1.7033660804821356
4.368100000000018  1.7070003016460853
4.384450000000018  1.7109374432991133
4.400800000000017  1.7128585069856535
4.417150000000019  1.7144081624670215
4.433500000000018  1.7172957279492063
4.449850000000018  1.7190049649673147
4.466200000000018  1.7189780434531319
4.482550000000019  1.7199903729226167
4.4989000000000186  1.7218846466617745
4.5152500000000195  1.7225140364956482
4.531600000000019  1.7224872194438003
4.547950000000019  1.7224683292450713
4.56430000000002  1.7225213566620747
4.58065000000002  1.7223638259595508
4.597000000000019  1.722810956259051
4.613350000000021  1.7244153623811085
4.62970000000002  1.7258021687261613
4.646050000000019  1.7259717976261977
4.66240000000002  1.7255113602567067
4.6787500000000195  1.7271749331111421
4.6951000000000205  1.730023077323316
4.71145000000002  1.7308817259112306
4.727800000000021  1.7308297224815734
4.74415000000002  1.7333740058357854
4.760500000000021  1.7365443784222911
4.776850000000021  1.7385041565872204
4.79320000000002  1.7397467869165493
4.80955000000002  1.7412018581438435
4.825900000000021  1.7426017721563258
4.84225000000002  1.7438368987805124
4.8586000000000205  1.7464630871016078
4.874950000000021  1.7486551688995644
4.891300000000021  1.7498241215652162
4.907650000000022  1.7512957571103034
4.924000000000022  1.7526939921355877
4.940350000000021  1.7539357041744161
4.956700000000021  1.7565193590458532
4.973050000000022  1.7588565706572188
4.989400000000021  1.7596135918144027
5.005750000000021  1.7594399746855185
5.022100000000022  1.7594386388739043
5.038450000000021  1.760912505787439
5.0548000000000215  1.7611335897579787
5.0711500000000225  1.761867051556745
5.087500000000022  1.7630434705961815
5.103850000000022  1.7628305564249096
5.120200000000022  1.76285386302808
5.136550000000022  1.7628774995068475
5.152900000000022  1.7628046530006172
5.169250000000024  1.7630287352758678
5.185600000000023  1.7624164678738987
5.201950000000022  1.761117240663713
5.218300000000023  1.761213549007
5.234650000000023  1.7598230604627116
5.251000000000023  1.7593710578441883
5.2673500000000235  1.759462051953776
5.283700000000024  1.7596837577197304
5.300050000000024  1.7592170365797537
5.316400000000024  1.7562599671614492
5.332750000000024  1.7559708330694759
5.349100000000022  1.7562049559404371
5.365450000000025  1.7561061064782413
5.381800000000023  1.7561328333612933
5.398150000000023  1.756134298298727
5.414500000000024  1.7561377286599151
5.4308500000000235  1.7560479358951298
5.447200000000024  1.756489872142202
5.463550000000025  1.7546846732652195
5.479900000000024  1.7524045786599782
5.496250000000024  1.7528441746287169
5.512600000000024  1.752818322761092
5.528950000000024  1.751521544229982
5.545300000000025  1.7499996734503658
5.561650000000024  1.74878081215748
5.578000000000025  1.7469461530499955
5.594350000000025  1.7439460345719833
5.6107000000000244  1.7411427986388048
5.627050000000025  1.7395946116652006
5.6434000000000255  1.7384559326507172
5.659750000000026  1.7362744682524067
5.676100000000026  1.73330661901901
5.692450000000026  1.7305417645273777
5.708800000000025  1.727734587499205
5.725150000000026  1.7249285075976035
5.741500000000025  1.7221301193857808
5.757850000000025  1.7193152935283451
5.774200000000027  1.7165401266447002
5.790550000000025  1.7136915178809273
5.8069000000000255  1.7108700217595731
5.8232500000000265  1.7093166870693344
5.8396000000000265  1.7081526106333624
5.855950000000026  1.7060849745182454
5.872300000000027  1.7028298141786886
5.888650000000027  1.7005338639134735
5.905000000000025  1.7006909137518695
5.921350000000027  1.6980399641653272
5.937700000000027  1.6961315558441235
5.954050000000026  1.6944748568605683
5.970400000000028  1.6907962096535132
5.986750000000027  1.6867861513368594
6.003100000000027  1.6840983740218385
6.0194500000000275  1.6786110812535875
6.035800000000027  1.6739678880259905
6.052150000000028  1.6693262171514456
6.068500000000028  1.6633309782839636
6.084850000000028  1.658001207211103
6.101200000000027  1.6538661036500195
6.117550000000028  1.6484638719947597
6.133900000000029  1.6425151283109025
6.150250000000027  1.637848251152274
6.166600000000027  1.633369544524718
6.182950000000028  1.6275703606695873
6.199300000000028  1.6219792891599398
6.2156500000000285  1.61643480505901
6.232000000000028  1.6105790679339016
6.248350000000028  1.6059219653671009
6.264700000000027  1.601310544801747
6.281050000000029  1.5957462551216928
6.297400000000027  1.5916451479630722
6.313750000000028  1.5860469819694238
6.330100000000029  1.5814681831095811
6.346450000000028  1.5768585680062928
6.362800000000029  1.5707181848128942
6.379150000000029  1.565629379555665
6.3955000000000295  1.5629947950839407
6.41185000000003  1.5573669495812155
6.42820000000003  1.5538964243086988
6.44455000000003  1.550060158089252
6.460900000000029  1.5439474363602796
6.47725000000003  1.5384915386171503
6.49360000000003  1.5329008508964326
6.50995000000003  1.5260579700372798
6.526300000000031  1.5187765351483498
6.54265000000003  1.5125430516283531
6.5590000000000295  1.5070666983868715
6.5753500000000304  1.501476185264035
6.5917000000000305  1.4959076080097937
6.60805000000003  1.488931931886965
6.624400000000031  1.4826712229525323
6.64075000000003  1.4779366631968238
6.657100000000029  1.4739544664859205
6.673450000000032  1.4695579578035314
6.689800000000029  1.463905602412989
6.70615000000003  1.4582636264321434
6.722500000000031  1.4526849693166914
6.73885000000003  1.4470592170294454
6.75520000000003  1.4414779231184902
6.771550000000031  1.4358369500349217
6.78790000000003  1.4302063045027715
6.804250000000031  1.4250093163392612
6.82060000000003  1.4166449506850882
6.836950000000031  1.4084651054233337
6.85330000000003  1.4028570378236755
6.869650000000031  1.3970879216321097
6.886000000000032  1.389253225131379
6.902350000000031  1.3786128664707868
6.918700000000032  1.3714268922961868
6.935050000000033  1.3667081953906655
6.951400000000031  1.3601222441731815
6.967750000000032  1.353586148667374
6.984100000000033  1.3510045165892577
7.000450000000032  1.345624308282546
7.016800000000033  1.3409065483589808
7.033150000000032  1.336275956794291
7.049500000000033  1.3303744187436761
7.065850000000032  1.324878300605157
7.082200000000033  1.3193101996131484
7.098550000000032  1.3123120808496456
7.1149000000000315  1.3061468438185888
7.1312500000000325  1.3009326731105562
7.147600000000032  1.2947464348029574
7.1639500000000345  1.2877614544295148
7.180300000000032  1.2822079550566752
7.196650000000035  1.2766500416605162
7.213000000000034  1.2710084536207087
7.229350000000033  1.2654200689886248
7.245700000000034  1.2597984985548194
7.262050000000033  1.2542089446738136
7.278400000000032  1.2486167113515074
7.294750000000035  1.2428006938352332
7.311100000000033  1.23848960751299
7.3274500000000335  1.233332814893008
7.343800000000033  1.22855049903038
7.360150000000034  1.2257547674239628
7.376500000000035  1.2200167131209412
7.392850000000034  1.2153774609240147
7.409200000000033  1.2125050114424023
7.425550000000036  1.209125403087358
7.441900000000033  1.2046157834533382
7.458250000000034  1.200606336515531
7.474600000000033  1.1978387393220178
7.490950000000034  1.1950780654798425
7.507300000000034  1.1922237538090108
7.523650000000035  1.189515300423056
7.540000000000034  1.1864748308554218
7.5563500000000365  1.1818728524579005
7.572700000000036  1.1761336268369034
7.589050000000035  1.1733204556046948
7.605400000000036  1.1686074151247885
7.621750000000035  1.163227519702441
7.638100000000034  1.1594887384837214
7.654450000000037  1.1549762610803107
7.670800000000036  1.149238037557418
7.687150000000037  1.1463048919736514
7.703500000000035  1.1424322262679028
7.719850000000036  1.1391176546690596
7.736200000000037  1.135428603178012
7.752550000000036  1.1299578240221169
7.768900000000037  1.1287302222173206
7.785250000000038  1.1262240940062915
7.801600000000035  1.1232625370312834
7.817950000000036  1.1203885594994556
7.834300000000037  1.1179595779708809
7.850650000000038  1.1167090908087904
7.867000000000037  1.1153006925508926
7.883350000000038  1.1138507458077633
7.899700000000036  1.1126210883686043
7.916050000000037  1.11056592851192
7.932400000000038  1.107488655456936
7.948750000000037  1.1048633466097384
7.965100000000036  1.1034897440843898
7.981450000000037  1.1021670966608195
7.997800000000036  1.1005627264808178
8.014150000000038  1.0998601356530682
8.030500000000035  1.1000040002220746
8.046850000000035  1.100015777345905
8.063200000000034  1.1000247345724945
8.079550000000033  1.1000311282803752
8.095900000000032  1.1000352148480792
8.112250000000031  1.1000372506541394
8.12860000000003  1.100037492077088
8.14495000000003  1.100036195495457
8.16130000000003  1.1000336172877794
8.177650000000028  1.1000300138325874
8.194000000000027  1.100025641508413
8.210350000000028  1.1000207566937894
8.226700000000028  1.1000156157672485
8.243050000000027  1.1000104751073227
8.259400000000024  1.1000055910925446
8.275750000000025  1.1000012201014462
8.292100000000023  1.0999918189265445
8.308450000000024  1.1000019456191172
8.324800000000021  1.1000010118595158
8.34115000000002  1.099998429930601
8.357500000000021  1.0999939304717592
8.37385000000002  1.1000445446504763
8.39020000000002  1.099820991070235
8.406550000000017  1.1006517517244747
8.422900000000016  1.1018436655960175
8.439250000000015  1.1016629454627356
8.455600000000016  1.1016679074955555
8.471950000000014  1.1017333070457016
8.488300000000015  1.101502821202922
8.504650000000014  1.1023257499282169
8.521000000000013  1.1035404440794
8.537350000000012  1.10333111066571
8.55370000000001  1.1032926932079734
8.570050000000009  1.1044983049674646
8.58640000000001  1.106177358680963
8.602750000000007  1.106855730420874
8.619100000000008  1.1067358060553256
8.635450000000008  1.108767653436999
8.651800000000005  1.1139228333280113
8.668150000000006  1.1147029918741316
8.684500000000005  1.116507444176896
8.700850000000003  1.1191774285521923
8.717200000000004  1.1206482331939278
8.733550000000001  1.1218995478659648
8.7499  1.12179613472656
8.76625  1.123233088760188
8.7826  1.1233435314178122
8.798949999999998  1.124831288808621
8.815299999999997  1.1271504520148423
8.831649999999998  1.1269726836268235
8.847999999999997  1.1285059595788427
8.864349999999996  1.1283679830197988
8.880699999999996  1.1305253776736963
8.897049999999993  1.132250261571116
8.913399999999992  1.132097787351614
8.92974999999999  1.1338196245019723
8.94609999999999  1.136082584690235
8.96244999999999  1.1380243323975128
8.97879999999999  1.1404134518860412
8.99514999999999  1.143714302226047
9.011499999999986  1.1455191698941913
9.027849999999988  1.14553276802663
9.044199999999986  1.14844370155186
9.060549999999987  1.1501562126190237
9.076899999999988  1.1513239521044343
9.093249999999987  1.152954816155043
9.109599999999984  1.153943908070992
9.125949999999982  1.1538348457401975
9.142299999999981  1.153879839156673
9.158649999999984  1.1534963209948006
9.17499999999998  1.155788876027763
9.191349999999979  1.157479560163396
9.20769999999998  1.1573185049740204
9.224049999999979  1.1590577104154955
9.240399999999976  1.161851150732281
9.256749999999975  1.1648754435536632
9.273099999999976  1.1665323223254895
9.289449999999976  1.1684390528704354
9.305799999999975  1.1714632749809104
9.322149999999972  1.1742212831431038
9.338499999999973  1.1770265056337386
9.35484999999997  1.1798302353248613
9.37119999999997  1.1826477427607653
9.38754999999997  1.185398675158722
9.40389999999997  1.1883264991386224
9.42024999999997  1.1909729265098699
9.436599999999968  1.1922821894021052
9.452949999999968  1.1949997874857978
9.469299999999965  1.1970113874288735
9.485649999999962  1.1981467236753294
9.501999999999962  1.1997291370921424
9.518349999999964  1.2009713208173902
9.534699999999964  1.2008954490614865
9.551049999999961  1.2020594087774414
9.56739999999996  1.2036053018753803
9.58374999999996  1.204943708082467
9.600099999999959  1.2063814809602547
9.616449999999958  1.207754961756824
9.632799999999957  1.2091054487778103
9.649149999999958  1.2116133322763707
9.665499999999957  1.214976497931291
9.681849999999955  1.2161377631661876
9.698199999999954  1.2165276857569056
9.714549999999955  1.2196574495944632
9.73089999999995  1.2224369713357026
9.747249999999953  1.225347164678899
9.763599999999954  1.2272877629645733
9.77994999999995  1.2283326728514308
9.79629999999995  1.2302340722368454
9.812649999999948  1.2330488260597605
9.82899999999995  1.2344370673440985
9.845349999999947  1.2357719772465274
9.861699999999946  1.2372230653923673
9.878049999999945  1.2385743109791825
9.894399999999944  1.2400628731744345
9.910749999999943  1.2413644038239453
9.927099999999944  1.2413768867426276
9.943449999999944  1.2411282948755686
9.959799999999941  1.2422689430522436
9.976149999999942  1.2431914337019352
9.99249999999994  1.2429413541033247
10.00884999999994  1.2430220877306652
10.02519999999994  1.2431070684178387
10.041549999999937  1.2417313568212534
10.057899999999936  1.241198188277266
10.074249999999937  1.2412674306508427
10.090599999999935  1.2415371426878474
10.106949999999934  1.2431089697247026
10.123299999999933  1.2445758415847727
10.139649999999934  1.2447626218318684
10.155999999999933  1.2446450630014971
10.172349999999932  1.2447215046756974
10.188699999999931  1.244627126610797
10.205049999999932  1.2447258188855455
10.22139999999993  1.2461141041286758
10.237749999999926  1.2477336135630246
10.25409999999993  1.2481403907282633
10.270449999999927  1.248088074389947
10.286799999999925  1.2479053508847033
10.303149999999926  1.2481573519876066
10.319499999999927  1.2511106674378865
10.335849999999924  1.251614547450981
10.352199999999922  1.2513640451880215
10.368549999999919  1.2513405515084335
10.384899999999924  1.2516312308034536
10.401249999999921  1.2531950014732283
10.417599999999918  1.2546675425816776
10.43394999999992  1.2548467834528783
10.450299999999919  1.2547827546865622
10.466649999999918  1.254689437627138
10.482999999999917  1.2549972219923309
10.499349999999918  1.2565573495371691
10.515699999999915  1.2580350897238086
10.532049999999913  1.2581848284651431
10.548399999999912  1.2582510061380305
10.564749999999915  1.2576654685133286
10.581099999999912  1.256069102547171
10.59744999999991  1.2547131725803493
10.613799999999909  1.2533374859700326
10.63014999999991  1.2517192175769896
10.646499999999909  1.251464629411532
10.662849999999908  1.2508593426905477
10.679199999999906  1.2495693668796126
10.695549999999907  1.2497473591909225
10.711899999999906  1.2497720972123645
10.728249999999901  1.2495534806829898
10.744599999999902  1.2506486962382577
10.760949999999905  1.2516235997168426
10.7772999999999  1.2513169619547315
10.793649999999902  1.2514540025660588
10.809999999999901  1.25285399001782
10.8263499999999  1.2543075843759355
10.8426999999999  1.2556762000583674
10.859049999999897  1.257101637608994
10.875399999999896  1.2584709788673827
10.891749999999897  1.2599047036954745
10.908099999999894  1.261401845050745
10.924449999999894  1.2614573224876058
10.940799999999893  1.2622509621130105
10.957149999999892  1.2638762194421111
10.973499999999891  1.265186213410661
10.989849999999889  1.2666337445224576
11.006199999999893  1.2681434095508615
11.022549999999889  1.2681112631121874
11.038899999999888  1.2692613177076324
11.05524999999989  1.2696243311469657
11.071599999999888  1.2678383001688904
11.087949999999887  1.2664902707438928
11.104299999999885  1.2650122484715074
11.120649999999888  1.2647845982149488
11.136999999999883  1.2649094946853214
11.153349999999882  1.2648624471936665
11.169699999999882  1.264877133479706
11.186049999999883  1.2648729568614114
11.20239999999988  1.2648672871373172
11.21874999999988  1.264910803158871
11.235099999999878  1.2647353188995392
11.25144999999988  1.2653508967735263
11.267799999999877  1.2669235407120865
11.284149999999876  1.2682952124382187
11.300499999999875  1.2697060565499825
11.316849999999876  1.2710374614145512
11.333199999999874  1.2727379487022121
11.349549999999875  1.273145983018766
11.365899999999874  1.2738429229045067
11.382249999999871  1.276701023863984
11.398599999999872  1.2765447202027225
11.41494999999987  1.2789037711589193
11.431299999999872  1.2811474991421792
11.44764999999987  1.2822000002521954
11.463999999999867  1.2838202399566128
11.480349999999866  1.2850681641335546
11.496699999999867  1.2848784710753707
11.513049999999867  1.2874569179925914
11.529399999999864  1.288888380926294
11.545749999999863  1.287885342513162
11.562099999999864  1.2863485043809506
11.578449999999862  1.2850385528932815
11.59479999999986  1.2850266555739422
11.611149999999862  1.2850853331169616
11.627499999999861  1.2850527045373028
11.64384999999986  1.2850667792773556
11.660199999999858  1.2850583213412312
11.676549999999859  1.2850639938850343
11.692899999999858  1.2850835267100646
11.709249999999857  1.2849406620218966
11.725599999999854  1.2857609824555776
11.741949999999855  1.287566374556849
11.758299999999853  1.2883926069910414
11.774649999999852  1.2884849791987487
11.790999999999851  1.291434789969638
11.80734999999985  1.2919449263218785
11.823699999999851  1.2922276164094617
11.840049999999849  1.2948782016339977
11.856399999999848  1.2969589060173035
11.872749999999847  1.2968799605791856
11.889099999999846  1.2997263632867355
11.905449999999846  1.3015186545846449
11.921799999999847  1.3027127745409124
11.938149999999844  1.3041903502430288
11.954499999999845  1.3055705190653193
11.970849999999842  1.3069764472731211
11.987199999999843  1.308380202212379
12.003549999999843  1.3097672651110472
12.01989999999984  1.311224949726487
12.03624999999984  1.3123829730471424
12.05259999999984  1.3114252611428778
12.06894999999984  1.3085677177953356
12.085299999999837  1.3085216171960674
12.101649999999836  1.308672568549512
12.117999999999837  1.3085996848812456
12.134349999999834  1.3086033676522
12.150699999999834  1.3086510838379715
12.167049999999836  1.3086018077351276
12.183399999999834  1.3083740107671837
12.199749999999833  1.3110715924880605
12.21609999999983  1.3121728116365157
12.232449999999831  1.3123388933910096
12.24879999999983  1.3140300926730122
12.26514999999983  1.3153795235709074
12.281499999999827  1.3167777854867435
12.297849999999828  1.3181923977601047
12.314199999999826  1.319568836351881
12.330549999999826  1.321034702878954
12.346899999999824  1.3223017174005847
12.363249999999825  1.3238216130289946
12.379599999999822  1.3268342814498288
12.395949999999823  1.3270106853338726
12.41229999999982  1.3286644840409734
12.428649999999822  1.3313314654593205
12.44499999999982  1.3324147603806127
12.46134999999982  1.333891110122008
12.477699999999821  1.3354079548754483
12.494049999999818  1.335492653405884
12.510399999999816  1.3362022933154865
12.526749999999815  1.3379659593605968
12.543099999999816  1.3389806220936693
12.559449999999813  1.3389004606868526
12.575799999999813  1.3390116378355073
12.59214999999981  1.3376921091579708
12.608499999999811  1.3370939954596357
12.62484999999981  1.3371397634060982
12.64119999999981  1.337453129079103
12.657549999999807  1.3389171283728876
12.67389999999981  1.3389746442299844
12.690249999999807  1.3387387236831023
12.706599999999808  1.3396064524972593
12.722949999999809  1.3413175894424971
12.739299999999805  1.3423375723856419
12.755649999999806  1.3422674900974847
12.771999999999803  1.3434762035966243
12.788349999999804  1.3465437022804538
12.804699999999803  1.3472875934882973
12.821049999999804  1.3482158317446764
12.8373999999998  1.3511578157652258
12.853749999999803  1.3523773740598612
12.8700999999998  1.353800297022124
12.886449999999797  1.3550010670355426
12.902799999999797  1.3575114966989208
12.919149999999798  1.3596831546164028
12.935499999999795  1.36135863662455
12.951849999999794  1.3641526535677158
12.968199999999795  1.3640142360564962
12.984549999999793  1.366833318094097
1.0654000000000006  1.3657927219187214
1.0817500000000007  1.3658486432649437
1.0981000000000007  1.3658175293222266
1.1144500000000008  1.365556990558451
1.1308000000000014  1.368134817518951
1.147150000000001  1.3695559389131118
1.163500000000001  1.3689907875561798
1.179850000000002  1.3693745626746925
1.1962000000000013  1.3708592299707743
1.2125500000000013  1.3722749021339191
1.2289000000000019  1.3736400701458715
1.2452500000000015  1.3751271213409237
1.2616000000000016  1.3763048548058876
1.2779500000000021  1.3781569485183875
1.2943000000000018  1.3809529039467527
1.3106500000000019  1.3808305840118513
1.327000000000002  1.3830634818358167
1.343350000000002  1.385429169905362
1.3597000000000021  1.3863754027645618
1.3760500000000022  1.3881866675461514
1.3924000000000027  1.3910386542393602
1.4087500000000028  1.39251662718065
1.4251000000000025  1.393751266434116
1.441450000000003  1.3954837718724369
1.457800000000003  1.3959975132275542
1.4741500000000027  1.3965032856509887
1.4905000000000033  1.3994507744470925
1.5068500000000038  1.399569081355399
1.5232000000000034  1.3994936465523613
1.539550000000003  1.3991510780213705
1.5559000000000036  1.400469458703359
1.5722500000000033  1.4030681434215018
1.5886000000000038  1.4028315339353785
1.6049500000000034  1.402931622225351
1.621300000000004  1.4016896525916884
1.637650000000004  1.400988731599883
1.6540000000000037  1.4011462845600804
1.6703500000000038  1.4012304339996249
1.6867000000000043  1.4027995726576958
1.7030500000000035  1.4058552194693692
1.719400000000004  1.4060388108723425
1.7357500000000041  1.4077959396157707
1.7521000000000042  1.409841819226343
1.7684500000000043  1.4096572615911227
1.7848000000000044  1.4112210346205418
1.801150000000005  1.4126093553389625
1.817500000000005  1.4143672654755495
1.833850000000005  1.4160909877787091
1.8502000000000047  1.4158311616186765
1.8665500000000048  1.415051573992924
1.8829000000000058  1.416829288153655
1.8992500000000045  1.4181470645494887
1.9156000000000055  1.4228834891946058
1.9319500000000056  1.4253864339299969
1.9483000000000052  1.4242020879026573
1.9646500000000058  1.4244379192441659
1.9810000000000059  1.4269128391623274
1.997350000000006  1.428138195024356
2.0137000000000063  1.4299223991015737
2.0300500000000055  1.4320724325828436
2.0464000000000064  1.433641729805767
2.0627500000000056  1.4351177011022616
2.0791000000000057  1.4372789431543391
2.095450000000006  1.439476831805401
2.111800000000007  1.4408391156990272
2.128150000000006  1.4430183528065705
2.144500000000007  1.4459695907891614
2.160850000000007  1.448812415724436
2.1772000000000062  1.4515841076915001
2.193550000000007  1.4528981965660366
2.2099000000000073  1.4555557443738474
2.2262500000000065  1.4574932055706133
2.2426000000000075  1.4593248664319507
2.2589500000000076  1.4620828699254491
2.2753000000000076  1.4633682314823555
2.291650000000007  1.4648861671012843
2.308000000000007  1.4650585669112206
2.324350000000008  1.4656690830906893
2.340700000000008  1.467457473980407
2.357050000000007  1.4684846257426463
2.373400000000008  1.4684302772232085
2.3897500000000083  1.4697879591670204
2.4061000000000083  1.471068740706753
2.4224500000000075  1.4734102262825721
2.4388000000000085  1.4758814272781526
2.4551500000000077  1.4770710591365608
2.4715000000000087  1.4785034707669245
2.4878500000000088  1.4799040022005472
2.504200000000009  1.4813399489229768
2.520550000000009  1.4825930586123603
2.536900000000009  1.4844663817982564
2.5532500000000082  1.487520707663913
2.569600000000009  1.490268758596197
2.5859500000000093  1.4915837428933798
2.6023000000000094  1.494210742063002
2.6186500000000095  1.4962621720724871
2.6350000000000087  1.4977920720161242
2.6513500000000088  1.5011189168126615
2.6677000000000097  1.505359585076427
2.684050000000009  1.5082710952880458
2.700400000000009  1.5108408773236213
2.716750000000009  1.514198452235691
2.733100000000009  1.5154763682675307
2.7494500000000093  1.5160783976097623
2.7658000000000103  1.520524102199728
2.7821500000000103  1.5210203660485586
2.7985000000000095  1.5240624980504993
2.8148500000000105  1.5264448602384415
2.8312000000000097  1.5266597380767806
2.8475500000000107  1.528456723947773
2.86390000000001  1.5313032256381227
2.88025000000001  1.5327589413461031
2.89660000000001  1.5357617033604876
2.912950000000011  1.5393232924464857
2.929300000000011  1.5412949202459427
2.9456500000000103  1.5428717421676912
2.9620000000000104  1.545760183408449
2.9783500000000105  1.5472623628295912
2.9947000000000106  1.5485529088892593
3.0110500000000107  1.5500191309884728
3.0274000000000107  1.5513625337997938
3.043750000000011  1.5528459791705136
3.060100000000011  1.5542263364446836
3.076450000000012  1.5541850594474742
3.092800000000012  1.5551888423323559
3.109150000000011  1.556770690080349
3.1255000000000113  1.5581049380325815
3.1418500000000114  1.5595366137095723
3.1582000000000114  1.5609324479060898
3.1745500000000115  1.5625152386022352
3.1909000000000125  1.5664028918091726
3.2072500000000117  1.567969060770589
3.2236000000000127  1.5700541377898158
3.2399500000000128  1.574969496911737
3.256300000000012  1.5760849226091647
3.272650000000013  1.5775085930247645
3.2890000000000112  1.5783191922062965
3.305350000000013  1.5805659645359003
3.321700000000013  1.5839575653880842
3.3380500000000124  1.5866828173155139
3.3544000000000125  1.589492777283546
3.3707500000000126  1.5910150517697732
3.3871000000000127  1.5921457629264424
3.4034500000000127  1.5944171372142546
3.4198000000000137  1.5972857644817802
3.436150000000013  1.6002245038749516
3.452500000000014  1.6030006459818251
3.468850000000013  1.6024473550102893
3.485200000000014  1.6042953848639894
3.501550000000014  1.6075878281065648
3.5179000000000133  1.6113104158635978
3.5342500000000134  1.6140296169958868
3.5506000000000135  1.61310809301478
3.5669500000000145  1.6157294237743507
3.5833000000000137  1.6178507502926722
3.5996500000000147  1.6185734435798442
3.616000000000014  1.621265790534531
3.632350000000014  1.6253734183253454
3.648700000000015  1.626065930648895
3.665050000000015  1.624851376520098
3.681400000000014  1.6267490351395766
3.6977500000000143  1.6298910417530608
3.7141000000000144  1.632729341621323
3.7304500000000145  1.63525949201428
3.7468000000000146  1.6365888798139958
3.7631500000000146  1.6394986753229068
