3.5  1.6073004750735764
3.750000000000001  1.637061854271589
4  1.673731701496853
4.25  1.695712815249762
4.500000000000001  1.7219644486155958
4.75  1.7345949622420904
5.000000000000001  1.7595662004208468
5.250000000000001  1.7593545547367742
5.500000000000001  1.7529435389082193
5.750000000000002  1.7206689696544295
6  1.6847470030400122
6.25  1.6055285136458213
6.5  1.5303677700668663
6.749999999999999  1.4432447467889502
6.999999999999999  1.3457922472659956
7.249999999999999  1.2583180424109233
7.499999999999999  1.1934874117541592
7.749999999999999  1.130523406853325
7.999999999999999  1.1003785385647107
8.250000000000002  1.1000083527858806
8.5  1.1019030590425993
8.749999999999998  1.1217988804765842
8.999999999999998  1.144616978135803
9.25  1.1636965587042063
9.5  1.1995146018738023
9.749999999999998  1.2257862019742818
10  1.2429156265029182
10.25  1.2481637090250064
10.5  1.256628566246348
10.75  1.2511576055031752
11  1.267691223914098
11.25  1.2652323014245797
11.5  1.2851279840801195
11.750000000000002  1.288269126284183
12.000000000000002  1.309463176210427
12.250000000000002  1.314141044380141
12.5  1.3355277281471993
12.750000000000002  1.3422635939002654
13.000000000000002  1.373175539170982
1.2500000000000002  1.375532681510042
1.5000000000000002  1.3997963317300308
1.7500000000000002  1.4098198158517665
2.000000000000001  1.4283295669091616
2.250000000000001  1.4607161353290625
2.500000000000001  1.4809736771877042
2.75  1.516205964502829
3  1.5490375259506266
3.25  1.575844608981236