3.4999999999999987   67.99973061325898
3.7500000000000004   67.9998193458408
3.9999999999999987   68.03522662166024
4.249999999999998   68.03219284027017
4.499999999999998   68.2104570753955
4.75   68.41071991376121
4.999999999999998   68.80717131066893
5.25   69.14452871171413
5.5   69.37033370774316
5.75   69.78698859596007
6   70.36925651742064
6.25   70.77952079194714
6.5   71.36580338243044
6.75   72.01714094413828
6.999999999999998   72.54818859621813
7.25   73.0881359847971
7.5   73.81898843776652
7.750000000000002   74.31236553070993
8   74.91232358974966
8.249999999999998   75.54115838545185
8.499999999999998   75.88283513873982
8.749999999999998   76.29902524219013
9.000000000000002   76.62602099660197
9.249999999999998   76.80043132341405
9.500000000000002   76.90827737836186
9.750000000000002   76.90823504562184
10.000000000000002   76.65849075331113
10.249999999999998   76.28481720438946
10.5   76.01418826287522
10.749999999999998   75.3929570235463
11.000000000000002   74.87396968195885
11.25   74.31888002344868
11.499999999999998   73.88121236381184
11.75   73.28739942025713
12.000000000000002   72.87956127474503
12.25   72.29010374499252
12.5   71.87589548272842
12.75   71.29507234723431
1   70.77068468152144
1.2500000000000004   70.25443405352294
1.5000000000000004   69.78865749312827
1.7500000000000004   69.25921008401707
1.9999999999999996   68.84333335785288
2.2499999999999996   68.49176970525421
2.4999999999999996   68.2102474225242
2.7499999999999996   68.0334278894183
2.9999999999999996   67.99998252973779
3.2499999999999987   67.99983138369092
