3.7715999999999945  67.99984044729715
3.7879999999999945  67.9998581623138
3.8043999999999953  67.99987738255012
3.8207999999999944  67.9998981472819
3.837199999999996  67.9999204957848
3.8535999999999944  67.99994446733454
3.869999999999996  67.99997010120688
3.8863999999999943  67.99999743667755
3.902799999999995  68.00089732423244
3.919199999999995  67.99623154531449
3.935599999999995  68.0145879457913
3.951999999999994  68.0385545496381
3.968399999999995  68.03458206305294
3.9847999999999932  68.03495460100388
4.001199999999995  68.03519201266246
4.0175999999999945  68.03503408604834
4.033999999999995  68.03502953071877
4.050399999999993  68.03521413644067
4.066799999999995  68.03487637650038
4.083199999999994  68.03476153040353
4.0995999999999935  68.03828106953922
4.1159999999999926  68.01301888859008
4.132399999999995  67.99606475626736
4.148799999999994  68.00152942530302
4.165199999999995  67.99904257988203
4.181599999999994  67.99896725269274
4.197999999999995  68.02887383535624
4.214399999999994  68.03764852544747
4.230799999999993  68.03496758856663
4.247199999999994  68.03316225464417
4.263599999999995  68.03830557112462
4.279999999999994  68.06913287165534
4.296399999999995  68.07226621104279
4.312799999999994  68.06667652915564
4.329199999999995  68.0829091313573
4.345599999999994  68.11862065772456
4.361999999999995  68.14131001463142
4.378399999999992  68.13994580065825
4.394799999999995  68.16638685045562
4.411199999999992  68.20143050282469
4.427599999999995  68.2130339105315
4.443999999999992  68.20972544017214
4.460399999999993  68.21055800533732
4.476799999999992  68.21043955680513
4.4931999999999945  68.21040189222764
4.509599999999994  68.21049360292074
4.525999999999993  68.21025089881253
4.5423999999999936  68.21089406186381
4.558799999999994  68.20965787181603
4.575199999999992  68.21021113285047
4.591599999999994  68.23742141484631
4.607999999999993  68.27278906324739
4.624399999999994  68.28046490678487
4.640799999999993  68.28823898245946
4.6571999999999925  68.32207717233064
4.673599999999993  68.3505521532888
4.689999999999994  68.37856451115518
4.706399999999993  68.41499652026889
4.722799999999994  68.40991292321124
4.739199999999993  68.38932361526076
4.755599999999994  68.4392349209906
4.771999999999995  68.52620249671838
4.788399999999994  68.49812324574012
4.804799999999993  68.49312269640382
4.821199999999994  68.51492146357552
4.837599999999991  68.53590414067709
4.853999999999994  68.56935362376997
4.870399999999993  68.59627387390887
4.886799999999992  68.59180565332173
4.903199999999991  68.65298087419391
4.919599999999994  68.73548991556426
4.935999999999993  68.79281134693359
4.952399999999992  68.80149254931248
4.968799999999993  68.77158101477615
4.985199999999994  68.80212527380115
5.001599999999993  68.80649931520153
5.017999999999992  68.82240127779583
5.034399999999993  68.85211607248252
5.0507999999999935  68.89031335856943
5.067199999999993  68.94798987941589
5.0835999999999935  68.94754774324797
5.0999999999999925  68.96436302601462
5.116399999999993  69.02291602555648
5.1327999999999925  69.0608757890557
5.149199999999992  69.04582215075993
5.165599999999992  69.01579513070718
5.181999999999993  68.98757654267668
5.198399999999992  68.96244591364264
5.214799999999993  69.07853973541751
5.2311999999999905  69.1781790751177
5.247599999999993  69.14863293142352
5.263999999999992  69.13400348293881
5.280399999999993  69.13991727386289
5.296799999999992  69.13886128939833
5.313199999999993  69.19734873976913
5.32959999999999  69.17363595709725
5.345999999999993  69.13604965102523
5.362399999999992  69.2371367578003
5.378799999999993  69.19743999128137
5.39519999999999  69.21060812302386
5.411599999999993  69.25353138040758
5.427999999999992  69.26241944740397
5.444399999999991  69.26754392098042
5.46079999999999  69.3002921818987
5.477199999999993  69.32952191220532
5.493599999999992  69.35742204548676
5.509999999999991  69.39156200340148
5.526399999999992  69.40345317905617
5.542799999999993  69.40792427514808
5.559199999999992  69.44091767454523
5.575599999999993  69.46997748360114
5.591999999999992  69.49894910024061
5.6083999999999925  69.52843436512913
5.624799999999992  69.55760525274364
5.641199999999992  69.58697514269659
5.6575999999999915  69.6161486998757
5.673999999999992  69.64532953658042
5.6903999999999915  69.67595262239743
5.706799999999992  69.69909298151252
5.72319999999999  69.75127683742959
5.7395999999999905  69.792059684539
5.75599999999999  69.79120026898599
5.772399999999992  69.85184368028507
5.788799999999991  69.91984179292281
5.805199999999992  69.9273375091758
5.821599999999991  69.951803002899
5.837999999999992  70.0196004557726
5.854399999999993  70.07592076478154
5.870799999999992  70.13460760073576
5.887199999999991  70.19484570215792
5.903599999999994  70.23809808406307
5.919999999999991  70.24012267092354
5.936399999999992  70.26140132168898
5.952799999999989  70.31821293950482
5.969199999999992  70.31460744597386
5.985599999999991  70.33978301831222
6.001999999999992  70.37263840892571
6.018399999999989  70.39937240673683
6.034799999999992  70.43211633085109
6.051199999999991  70.45604133702946
6.067599999999992  70.45450826563457
6.083999999999991  70.48106753605299
6.100399999999992  70.51269109436048
6.116799999999991  70.54091491813341
6.1331999999999915  70.57060384865206
6.149599999999991  70.59966161404756
6.1659999999999915  70.62895716717378
6.182399999999991  70.65939633325782
6.198799999999993  70.6826231716286
6.2151999999999905  70.73692642394487
6.231599999999991  70.77393638806724
6.2479999999999905  70.77483744655713
6.264399999999991  70.83799388817033
6.28079999999999  70.90405388625335
6.297199999999991  70.90892837999054
6.31359999999999  70.93711516856337
6.329999999999993  71.00481772668923
6.34639999999999  71.06086825941769
6.362799999999991  71.11982983197647
6.379199999999988  71.18003628864436
6.395599999999991  71.2201227740353
6.41199999999999  71.2259844142163
6.428399999999991  71.23426515701675
6.44479999999999  71.26771508130969
6.461199999999991  71.29635031875648
6.47759999999999  71.32531657828096
6.493999999999991  71.35591856117266
6.51039999999999  71.38070790409422
6.526799999999991  71.42377466216277
6.543199999999988  71.4806994272919
6.559599999999991  71.50710613638482
6.57599999999999  71.5337544950251
6.592399999999989  71.58769104131983
6.608799999999988  71.6463306150706
6.625199999999991  71.71095227049769
6.64159999999999  71.7551908356656
6.657999999999991  71.7528257401499
6.67439999999999  71.80881369308446
6.6907999999999905  71.87406962118324
6.70719999999999  71.914375666105
6.7235999999999905  71.93600142100925
6.7399999999999896  71.97624036397002
6.756399999999992  72.03366438674122
6.7727999999999895  72.03083582562748
6.78919999999999  72.07820841572624
6.805599999999989  72.12978694926807
6.82199999999999  72.13804177455616
6.838399999999989  72.14235792363941
6.85479999999999  72.17450357105888
6.871199999999989  72.20438772740499
6.887599999999992  72.22990615383489
6.903999999999991  72.27790645911873
6.92039999999999  72.34041510888491
6.936799999999989  72.39682364995932
6.95319999999999  72.45675787912319
6.969599999999987  72.51969198622426
6.98599999999999  72.52134757925765
7.002399999999989  72.55800298406928
7.018799999999988  72.61250177500318
7.035199999999989  72.63546261147108
7.05159999999999  72.66615152369121
7.067999999999989  72.69613482525104
7.08439999999999  72.71964865252961
7.100799999999989  72.77788091827894
7.11719999999999  72.80650999453596
7.133599999999989  72.81463736703377
7.14999999999999  72.87806668397344
7.166399999999987  72.90713173748652
7.182799999999991  72.93417170113204
7.199199999999989  72.96618301474354
7.21559999999999  72.9898690365262
7.231999999999987  73.03174169566257
7.2483999999999895  73.0869056231597
7.264799999999989  73.08361736111802
7.2811999999999895  73.132474326364
7.2975999999999885  73.19577046546827
7.313999999999989  73.25603652235188
7.3303999999999885  73.30523241472127
7.346799999999989  73.33438971814617
7.363199999999988  73.39394913426396
7.379599999999989  73.44995309309671
7.395999999999987  73.53079581646134
7.412399999999991  73.61092145352501
7.428799999999988  73.65721792374298
7.445199999999989  73.68360998403946
7.461599999999988  73.71183895693106
7.477999999999989  73.76991782048319
7.49439999999999  73.81163937623502
7.510799999999987  73.83135542411539
7.527199999999988  73.87592051137084
7.543599999999989  73.92899622968483
7.559999999999988  73.92533349689506
7.576399999999989  73.9789015211219
7.592799999999988  74.02205404540729
7.609199999999989  74.04585877579129
7.625599999999988  74.07688272649841
7.641999999999989  74.1056747302232
7.658399999999986  74.13491111816246
7.674799999999989  74.1655253218564
7.691199999999988  74.1886245314574
7.707599999999989  74.2414425000073
7.723999999999988  74.28105441340497
7.74039999999999  74.28102824146235
7.7567999999999895  74.34249863121161
7.77319999999999  74.4051578947247
7.789599999999988  74.44341008626465
7.8059999999999885  74.4613743914711
7.822399999999988  74.5157009002534
7.838799999999988  74.60068717033731
7.8551999999999875  74.62635976243634
7.871599999999987  74.68282826820716
7.8879999999999875  74.72737251478362
7.904399999999988  74.7330886075405
7.920799999999989  74.74030014709584
7.93719999999999  74.77388737117792
7.953599999999987  74.80275272910956
7.969999999999986  74.8274085019226
7.9863999999999855  74.8880084787588
8.002799999999988  74.910938064705
8.019199999999989  74.92112402471608
8.035599999999992  74.99132378930382
8.05199999999999  75.04852331413123
8.06839999999999  75.04693919097394
8.08479999999999  75.0876327535294
8.101199999999993  75.15680019263004
8.117599999999998  75.20310800241937
8.133999999999995  75.22858569786172
8.150399999999996  75.25848079686064
8.166799999999997  75.31384246635069
8.183199999999998  75.38294617128679
8.199599999999997  75.40082017556857
8.216000000000001  75.41333340971325
8.2324  75.48406202290815
8.248800000000001  75.54005719062505
8.2652  75.53644810298138
8.281600000000005  75.58761247162609
8.298000000000005  75.61535574539452
8.314400000000006  75.61698671007882
8.330800000000004  75.65174433774362
8.347200000000006  75.68034185434647
8.363600000000007  75.71228890156922
8.38000000000001  75.7152508135275
8.396400000000007  75.72863068235071
8.41280000000001  75.76591767623412
8.429200000000009  75.78696269269956
8.445600000000011  75.78594810244822
8.462000000000014  75.81399293807858
8.478400000000013  75.84514209386693
8.494800000000014  75.8734225072836
8.511200000000015  75.90327015699967
8.527600000000016  75.93194575593387
8.544000000000016  75.96161283982538
8.560400000000017  75.9934721486817
8.576800000000018  75.99541432779233
8.59320000000002  76.0108573690344
8.609600000000016  76.0446180031322
8.62600000000002  76.0726853403854
8.642400000000022  76.10217404238657
8.658800000000024  76.13146152367088
8.675200000000022  76.16073733304754
8.691600000000024  76.18991196135534
8.708000000000025  76.21954127797092
8.724400000000028  76.248050163834
8.740800000000029  76.27804140134394
8.757200000000028  76.31040586601249
8.773600000000027  76.30601640380716
8.790000000000031  76.35079217048238
8.806400000000032  76.38430832041794
8.822800000000031  76.39229699238976
8.839200000000032  76.45366596485339
8.855600000000033  76.45247843664524
8.872000000000034  76.47416784719978
8.888400000000036  76.50652516854815
8.904800000000037  76.53794166084458
8.921200000000038  76.55895544943108
8.937600000000037  76.5581030706927
8.954000000000036  76.5870040258487
8.97040000000004  76.62084250095963
8.98680000000004  76.6307205807788
9.003200000000042  76.62508597143211
9.019600000000041  76.63216038117449
9.03600000000004  76.66534484824494
9.052400000000043  76.69771991725538
9.068800000000044  76.67275019568494
9.085200000000047  76.65984951047102
9.101600000000046  76.66109968522103
9.118000000000047  76.66905752588355
9.13440000000005  76.6991370887304
9.150800000000048  76.69896162319174
9.167200000000047  76.69475536012999
9.18360000000005  76.71434639126038
9.200000000000053  76.7505501154429
9.216400000000052  76.76916821032842
9.232800000000053  76.76893981549519
9.249200000000053  76.79853345804123
9.265600000000054  76.83288468222896
9.282000000000057  76.8376649041986
9.298400000000054  76.84808541756951
9.314800000000057  76.88401723723341
9.331200000000058  76.9093488242698
9.347600000000059  76.90870418654656
9.364000000000061  76.90791028845756
9.380400000000058  76.90843760246192
9.39680000000006  76.90822542587532
9.413200000000062  76.90828996365947
9.429600000000065  76.9082757085712
9.446000000000065  76.90827680487337
9.462400000000066  76.90827781858609
9.478800000000065  76.90827711292468
9.495200000000066  76.90827740189916
9.511600000000067  76.90827731275012
9.528000000000066  76.90827733289498
9.544400000000067  76.90827733111037
9.56080000000007  76.90827732972288
9.577200000000069  76.90827733114014
9.593600000000071  76.90827732914917
9.610000000000072  76.90827733336121
9.626400000000073  76.9082773267125
9.642800000000072  76.90827732395125
9.659200000000073  76.90827739466148
9.675600000000076  76.9082770521859
9.692000000000078  76.90827822291374
9.70840000000008  76.90827517724375
9.724800000000076  76.90828029805552
9.74120000000008  76.90828143881248
9.75760000000008  76.9082317925002
9.774000000000083  76.90847893795322
9.79040000000008  76.90762171088593
9.80680000000008  76.90988776476046
9.823200000000083  76.90587927164282
9.839600000000084  76.87513603100045
9.856000000000083  76.84315321513775
9.872400000000086  76.83398233099076
9.888800000000087  76.84572212261473
9.905200000000088  76.81897099872971
9.921600000000089  76.76419591596887
9.93800000000009  76.76812981342282
9.954400000000092  76.74190944561174
9.970800000000093  76.70969811830788
9.987200000000094  76.6817469953236
10.003600000000093  76.65202075502245
10.020000000000095  76.6228714436865
10.036400000000095  76.59357330541896
10.052800000000097  76.56414961447966
10.069200000000096  76.5356520932359
10.085600000000095  76.50355507242372
10.102000000000098  76.48314717139354
10.1184000000001  76.49018720861565
10.1348000000001  76.48826245939674
10.151200000000099  76.42609031672
10.167600000000101  76.41940362645951
10.184000000000104  76.38573029041393
10.200400000000101  76.3378410987281
10.216800000000102  76.35091031962145
10.233200000000107  76.34756623697187
10.249600000000106  76.2860862465396
10.266000000000105  76.27454688954703
10.282400000000107  76.26547267924717
10.298800000000108  76.22579956548343
10.31520000000011  76.2071765663512
10.331600000000112  76.2068501669078
10.348000000000109  76.14761182888188
10.364400000000112  76.12403447449782
10.380800000000113  76.1706278633736
10.397200000000115  76.14919744001406
10.413600000000114  76.05385280759818
10.430000000000115  76.03117998654217
10.446400000000114  75.99582391805978
10.462800000000117  76.0452721093582
10.479200000000116  76.11395519018585
10.495600000000117  76.05440570601793
10.51200000000012  75.91751349759944
10.52840000000012  75.88442088232321
10.54480000000012  75.91017424702568
10.561200000000122  75.89728838568375
10.577600000000123  75.8727795281756
10.594000000000124  75.83458447851073
10.610400000000123  75.77224903603096
10.626800000000125  75.71384265402605
10.643200000000126  75.6469491010558
10.659600000000127  75.58525936905934
10.676000000000128  75.45355520468692
10.692400000000127  75.41253867946556
10.708800000000128  75.4748542787695
10.725200000000132  75.43324169646168
10.741600000000133  75.4032314474612
10.758000000000132  75.37964724466073
10.774400000000133  75.3270424169054
10.790800000000134  75.27743740936035
10.807200000000135  75.25483374879143
10.823600000000136  75.2222591108795
10.840000000000137  75.16264411390708
10.856400000000137  75.12423555343287
10.87280000000014  75.1196510308914
10.88920000000014  75.11298884856086
10.905600000000138  75.06870718127267
10.922000000000141  74.99589796037013
10.938400000000142  74.94620695767685
10.954800000000144  74.94938303630735
10.971200000000144  74.9046087097777
10.987600000000144  74.86852548899128
11.004000000000145  74.87065616519143
11.020400000000148  74.83633783456837
11.036800000000145  74.80682676037631
11.053200000000148  74.78212134305572
11.069600000000149  74.72839737128697
11.086000000000151  74.6819270021508
11.102400000000149  74.65417494288249
11.118800000000151  74.62814698183138
11.135200000000152  74.63085142731119
11.151600000000155  74.5803051028878
11.168000000000152  74.51652824100803
11.184400000000155  74.46045361090489
11.200800000000154  74.40015383322498
11.217200000000156  74.34337515375823
11.233600000000157  74.3133275221371
11.250000000000158  74.31888002344861
11.266400000000159  74.2706997793339
11.28280000000016  74.23759255967335
11.299200000000162  74.23851547067709
11.315600000000162  74.20407345163734
11.33200000000016  74.17520663795653
11.348400000000163  74.14626419379191
11.364800000000166  74.11684644568068
11.381200000000165  74.08729525282448
11.397600000000168  74.05893748379569
11.414000000000165  74.02817433795263
11.43040000000017  73.99801337934802
11.446800000000167  74.00174791440324
11.46320000000017  73.95789683036251
11.47960000000017  73.90602808391802
11.496000000000171  73.88650980020206
11.512400000000172  73.84955105792166
11.528800000000171  73.78896263613038
11.545200000000174  73.7890077815673
11.561600000000174  73.75018818171966
11.578000000000177  73.68334692413784
11.594400000000174  73.62798044494654
11.610800000000177  73.56775155687494
11.62720000000018  73.50906339092447
11.643600000000179  73.47756695093722
11.66000000000018  73.4501460123746
11.67640000000018  73.42004114631068
11.69280000000018  73.39108174003985
11.709200000000182  73.3616377502717
11.725600000000183  73.33236586400515
11.742000000000184  73.30398510427474
11.758400000000185  73.27009305566604
11.774800000000184  73.26055047753343
11.791200000000185  73.2540216776336
11.807600000000187  73.22049734082049
11.824000000000188  73.19177716488484
11.840400000000189  73.16266142266417
11.85680000000019  73.13322466817024
11.873200000000189  73.10402050999345
11.889600000000192  73.07471285462233
11.906000000000192  73.04545184889648
11.922400000000195  73.0161698876006
11.938800000000192  72.9868129872407
11.955200000000195  72.95796863208975
11.971600000000196  72.92711354542229
11.988000000000197  72.90221386088783
12.004400000000198  72.86440659653988
12.020800000000198  72.80537277056789
12.0372000000002  72.80699730462834
12.053600000000202  72.76448132292839
12.0700000000002  72.69832309536082
12.0864000000002  72.64293724563677
12.102800000000203  72.58243718648713
12.119200000000205  72.5246834257269
12.135600000000204  72.4936003105678
12.152000000000207  72.46999638991369
12.168400000000206  72.42004027161526
12.184800000000207  72.36616784795777
12.20120000000021  72.34844352529629
12.217600000000209  72.34890315927201
12.23400000000021  72.3207463142908
12.25040000000021  72.28942937651122
12.266800000000213  72.26222477851793
12.283200000000214  72.2291130791446
12.299600000000211  72.20744291749014
12.316000000000214  72.20850042058227
12.332400000000215  72.18011190070425
12.348800000000216  72.14906546633651
12.365200000000216  72.12071745010726
12.381600000000219  72.09102779146426
12.398000000000218  72.06203082836774
12.414400000000219  72.03256947112651
12.43080000000022  72.0024585418597
12.447200000000223  71.97889394567521
12.463600000000222  71.92203782416891
12.48000000000022  71.89012700701916
12.496400000000223  71.88632819723318
12.512800000000224  71.8202301769458
12.529200000000225  71.75706756627169
12.545600000000228  71.75516241652619
12.562000000000225  71.722055260939
12.578400000000228  71.65467810857642
12.594800000000228  71.59900656863647
12.61120000000023  71.53949706112546
12.627600000000228  71.47933917052012
12.644000000000231  71.44560535815936
12.660400000000232  71.41884791263354
12.676800000000233  71.38838888746983
12.693200000000234  71.35999046413842
12.709600000000234  71.32995434917278
12.726000000000235  71.29882498329897
12.742400000000236  71.29789585475496
12.758800000000235  71.28075474233133
12.775200000000236  71.24725076654255
12.791600000000239  71.219041469206
12.80800000000024  71.1897248829575
12.82440000000024  71.16090207265852
12.840800000000241  71.12754384874673
12.857200000000242  71.12183172708181
12.873600000000245  71.11120788303116
12.890000000000246  71.07785475004214
12.906400000000243  71.04878951712338
12.922800000000244  71.01819184567248
12.939200000000248  71.00178435484048
12.955600000000247  70.89705904601867
1  70.77068468152144
1.0164  70.7130764122562
1.0328000000000004  70.64653167517758
1.0492  70.6298072425153
1.0656000000000003  70.61560958011707
1.0819999999999999  70.54382938443628
1.0983999999999998  70.4899474205067
1.1147999999999998  70.4940803554343
1.1311999999999998  70.43942033787918
1.1475999999999997  70.42002499654265
1.1639999999999997  70.39888933650624
1.1804000000000001  70.34468563607588
1.1967999999999996  70.34972214622957
1.2131999999999996  70.32136326158198
1.2295999999999996  70.28978014450455
1.2459999999999996  70.2617075673031
1.2624  70.23199279034229
1.2788  70.20283861866673
1.295199999999999  70.17353498915017
1.3115999999999994  70.14424070967762
1.3279999999999994  70.11507754570773
1.3443999999999994  70.08534987585413
1.3607999999999993  70.0574259790856
1.3771999999999993  70.0251503370897
1.3935999999999993  69.99898791857564
1.4099999999999993  70.00316790017835
1.4263999999999992  69.94656183940968
1.4427999999999988  69.92733332299521
1.4591999999999996  69.91226287612191
1.4755999999999987  69.83926654811842
1.4919999999999995  69.78782841907231
1.5083999999999986  69.79090131750075
1.524799999999999  69.7426894633171
1.541199999999999  69.67904288661897
1.557599999999999  69.61997511551071
1.573999999999999  69.56753000313837
1.590399999999999  69.54189420017094
1.606799999999999  69.51424835239766
1.6231999999999989  69.45616477100427
1.6395999999999988  69.41519557854814
1.6559999999999988  69.39018681612721
1.6723999999999988  69.35950478051433
1.6887999999999983  69.3307087000133
1.7051999999999987  69.3018251195479
1.7215999999999987  69.26850118648619
1.7379999999999982  69.26300897195217
1.754399999999999  69.25231395464625
1.7707999999999982  69.21836355907378
1.787199999999999  69.1900898338663
1.803599999999999  69.16078449790592
1.819999999999998  69.13113962440653
1.836399999999999  69.10316701549422
1.852799999999998  69.0698130446955
1.8691999999999998  69.0509472440754
1.885599999999998  69.0509118179464
1.9019999999999988  69.02068976447701
1.9183999999999979  68.99030593257062
1.9347999999999987  68.96184667820252
1.9511999999999978  68.93197901721787
1.9675999999999987  68.90352415803561
1.9839999999999978  68.87312409205042
2.0003999999999986  68.84294251819725
2.0167999999999977  68.84294076802956
2.0331999999999995  68.82400278495248
2.0495999999999968  68.7906601167735
2.0659999999999985  68.76268764742954
2.0823999999999976  68.73304052898203
2.0987999999999984  68.70373896313795
2.1151999999999975  68.67545875346265
2.1315999999999984  68.64151500081174
2.1479999999999975  68.63087489728375
2.1643999999999983  68.62536266433015
2.1807999999999974  68.59195617122988
2.1971999999999983  68.56305836787706
2.2135999999999973  68.53495751235192
2.229999999999998  68.50086192576927
2.2463999999999973  68.49065877671026
2.262799999999998  68.48480450936113
2.2791999999999972  68.45132335683613
2.295599999999998  68.42249165673536
2.311999999999997  68.39432347442042
2.328399999999998  68.36033186706949
2.344799999999997  68.35020818555955
2.361199999999999  68.34478290446924
2.377599999999997  68.30990531983858
2.393999999999998  68.28112650560325
2.410399999999997  68.28174503956078
2.4267999999999987  68.26212829734067
2.443199999999997  68.22569070574049
2.459599999999998  68.20782297220715
2.475999999999997  68.21087314770399
2.4923999999999986  68.21047150379357
2.508799999999997  68.21036749097135
2.525199999999997  68.21041760044191
2.5415999999999968  68.21059325539683
2.5579999999999976  68.2099889332757
2.5743999999999967  68.2111460819512
2.5907999999999975  68.21080868044889
2.6071999999999966  68.18389448740628
2.6235999999999966  68.14845651494547
2.6399999999999966  68.14018466885608
2.6563999999999974  68.13335035255933
2.6727999999999965  68.09854948961765
2.6891999999999965  68.07042846601792
2.7055999999999965  68.06844419194972
2.721999999999998  68.0743339181081
2.7383999999999964  68.05314992781503
2.7547999999999973  68.03075227836597
2.7711999999999963  68.03689915289496
2.787599999999997  68.03523901239699
2.8039999999999963  68.0047543667377
2.820399999999998  67.9974881622175
2.8367999999999953  68.00092924099883
2.853199999999998  67.99973701022736
2.869599999999997  68.00005133739987
2.885999999999997  67.99999980655441
2.902399999999996  67.99999304755273
2.918799999999997  68.0000085271825
2.935199999999996  67.99998043887922
2.951599999999996  68.00005009978054
2.967999999999996  67.99999838868564
2.9843999999999977  67.99999046069736
3.000799999999996  67.99998211341837
3.0171999999999968  67.9999733861244
3.0335999999999967  67.99996431809114
3.0499999999999976  67.99995494859435
3.0663999999999967  67.99994531690974
3.0827999999999958  67.99993546231305
3.0991999999999957  67.99992542407998
3.1155999999999975  67.99991524148625
3.131999999999995  67.99990495380759
3.1483999999999974  67.99989460031972
3.1647999999999956  67.99988422029837
3.1811999999999956  67.99987385301925
3.1975999999999947  67.9998635377581
3.2139999999999964  67.99985331379064
3.2303999999999964  67.99984322039258
3.2467999999999955  67.99983329683964
3.2631999999999954  67.99982358240756
3.2795999999999963  67.99981411637204
3.2959999999999954  67.99980493800881
3.3123999999999953  67.99979608659362
3.3287999999999953  67.99978760140218
3.345199999999997  67.99977952171018
3.3615999999999953  67.99977188679337
3.377999999999996  67.99976473592747
3.394399999999995  67.9997581083882
3.410799999999997  67.99975204345131
3.427199999999995  67.99974658039247
3.443599999999996  67.99974175848742
3.459999999999994  67.9997376170119
3.476399999999997  67.99973419524163
3.492799999999995  67.99973153245233
3.509199999999996  67.99972966791972
3.525599999999995  67.99972864091951
3.5419999999999967  67.99972849072745
3.558399999999994  67.99972925661922
3.5747999999999958  67.99973097787058
3.591199999999994  67.99973369375725
3.607599999999995  67.99973744355495
3.623999999999994  67.99974226653939
3.6403999999999956  67.99974820198629
3.6567999999999947  67.99975528917138
3.6731999999999956  67.9997635673704
3.6895999999999947  67.99977307585907
3.7059999999999955  67.99978385391306
3.7223999999999946  67.99979594080814
3.7387999999999955  67.99980937582004
3.7551999999999945  67.99982419822447
