3.7812000000000117  1.640966833355763
3.7975600000000123  1.644695208806739
3.813920000000013  1.6471210401378742
3.8302800000000126  1.6470564407772874
3.846640000000013  1.6504201645024021
3.8630000000000138  1.6547622869146599
3.8793600000000135  1.656547491900518
3.895720000000013  1.658073423073617
3.912080000000013  1.6631507746978411
3.9284400000000135  1.667284608269137
3.9448000000000123  1.667086302612862
3.961160000000014  1.6714552774139555
3.9775200000000135  1.6735945628645812
3.993880000000015  1.6737655206737378
4.010240000000014  1.6736323503290522
4.0266000000000135  1.6770518111626482
4.042960000000013  1.6840837822190131
4.059320000000013  1.6853768587548323
4.0756800000000135  1.686917341387657
4.092040000000013  1.6862382422450806
4.108400000000013  1.6857133252467433
4.124760000000013  1.6876929290385863
4.1411200000000115  1.6888576889173623
4.157480000000012  1.6887917531228787
4.173840000000011  1.6898969981059984
4.1902000000000115  1.6917348438504016
4.206560000000011  1.692039880078944
4.222920000000011  1.692827436000826
4.239280000000011  1.6956663282641116
4.255640000000009  1.6955628233361064
4.27200000000001  1.696652166975388
4.288360000000009  1.6982504372130927
4.3047200000000085  1.6995566064517789
4.321080000000008  1.701035352100748
4.337440000000008  1.7023632816862373
4.353800000000009  1.703639628791587
4.370160000000008  1.7075830822649043
4.386520000000008  1.7112858478846722
4.402880000000008  1.7130066935282986
4.419240000000007  1.7147390127413151
4.435600000000006  1.7176244478635074
4.451960000000007  1.7190790716301838
4.468320000000006  1.718972923104086
4.484680000000005  1.7202678802901883
4.501040000000006  1.7220338754865006
4.517400000000006  1.7225307402326107
4.5337600000000045  1.7224763958434086
4.550120000000005  1.7224749256980612
4.566480000000004  1.7225178875788971
4.582840000000003  1.722349124716665
4.599200000000003  1.7229857957309442
4.615560000000003  1.7246453560788975
4.6319200000000045  1.7259027772954167
4.648280000000003  1.7259117274223705
4.664640000000003  1.7255425545409604
4.681000000000003  1.727606298086114
4.697360000000002  1.730275199519974
4.713720000000001  1.7308404767412675
4.730080000000002  1.7310096142361768
4.746440000000001  1.7338557087179434
4.762800000000001  1.736908544181586
4.779160000000001  1.7386864227634349
4.79552  1.7399411234711653
4.81188  1.741416606430818
4.82824  1.7427657902978873
4.844599999999999  1.74410462465062
4.8609599999999995  1.7468901923441738
4.877319999999997  1.748833843697086
4.89368  1.750022825291735
4.910039999999998  1.7515168232345715
4.9263999999999974  1.7528631859954937
4.942759999999999  1.7542073145451886
4.959119999999998  1.7569599573156651
4.9754799999999975  1.7590549855270463
4.991839999999997  1.7596308394683928
5.008199999999997  1.7593800056601383
5.024559999999996  1.759591693074187
5.040919999999995  1.761086903815332
5.057279999999996  1.761104175200466
5.073639999999996  1.7621258143858556
5.089999999999994  1.7630539602860444
5.106359999999994  1.7628116677898276
5.122719999999994  1.7628668919629273
5.139079999999994  1.7628682534263067
5.155439999999993  1.7628101775980993
5.171799999999994  1.7630531602839794
5.188159999999994  1.7621569422057657
5.2045199999999925  1.7611044433699523
5.220879999999993  1.7611027695271442
5.237239999999994  1.7596084637515854
5.253599999999992  1.7594195937397406
5.269959999999991  1.7594416136679794
5.286319999999991  1.7597751413008926
5.302679999999992  1.758788878737379
5.319039999999991  1.755983554905988
5.33539999999999  1.7560735206302918
5.35175999999999  1.756178900658867
5.36811999999999  1.7561104105920542
5.384479999999989  1.7561314247327893
5.400839999999989  1.7561411168846182
5.417199999999989  1.7561165355721657
5.433559999999989  1.7560885487304523
5.449919999999989  1.7564555018035657
5.466279999999989  1.7541340962952359
5.482639999999988  1.75237406786012
5.498999999999987  1.752922248124457
5.515359999999988  1.752676819370333
5.531719999999987  1.751245433651086
5.548079999999987  1.7497736409180087
5.564439999999987  1.7485584956431661
5.580799999999986  1.7464838135822083
5.5971599999999855  1.7434095896783404
5.613519999999986  1.740784364683298
5.629879999999985  1.7394089964252757
5.646239999999985  1.7381878424057446
5.662599999999985  1.735763616976287
5.678959999999985  1.732814156648296
5.695319999999984  1.7300534858628003
5.711679999999984  1.7272385188445378
5.728039999999985  1.724434110242425
5.744399999999984  1.7216324342504945
5.7607599999999834  1.7188150263061577
5.777119999999982  1.7160496538225682
5.793479999999982  1.713146607314447
5.809839999999982  1.71048978725759
5.826199999999981  1.7091230375762976
5.842559999999982  1.7078750728998326
5.858919999999982  1.705567154697242
5.875279999999981  1.7022091109979274
5.89163999999998  1.7005284032649783
5.90799999999998  1.7004444373615342
5.92435999999998  1.6974876446183644
5.94071999999998  1.6959358299775427
5.957079999999979  1.6939486702910471
5.973439999999979  1.6899516878973677
5.989799999999979  1.686304161547564
6.006159999999979  1.6832933984604939
6.022519999999979  1.6775366905325966
6.038879999999978  1.6732329406170767
6.055239999999978  1.668236612075054
6.071599999999978  1.6622115114841984
6.087959999999977  1.657190988672484
6.104319999999977  1.652967043955423
6.120679999999976  1.6473077205258009
6.137039999999976  1.6414742459004856
6.1533999999999756  1.6370836610943766
6.169759999999975  1.6322983035041876
6.186119999999975  1.6264581555577358
6.202479999999975  1.6209142478837488
6.218839999999975  1.6153102251800617
6.235199999999974  1.6095058950003256
6.251559999999974  1.605153112303867
6.267919999999974  1.6001580316470656
6.284279999999974  1.594898029326424
6.300639999999973  1.590666896176389
6.316999999999973  1.584955140645435
6.333359999999973  1.5806798244727591
6.349719999999972  1.575716018021183
6.366079999999973  1.5694678093407364
6.382439999999972  1.5650802968565323
6.398799999999972  1.5621014583812447
6.415159999999972  1.556296314737951
6.4315199999999715  1.5534196897710035
6.44787999999997  1.5488438090992602
6.46423999999997  1.5427839407369475
6.480599999999971  1.5374030984142872
6.49695999999997  1.5316014847306543
6.513319999999969  1.5245441693597566
6.52967999999997  1.5173586488046251
6.54603999999997  1.5114091319119516
6.562399999999969  1.5058882088658834
6.578759999999969  1.5003654487781448
6.5951199999999695  1.494552885245315
6.611479999999967  1.4874676333451222
6.627839999999968  1.4815717947004936
6.644199999999967  1.477062274369605
6.660559999999966  1.4731136047189053
6.676919999999966  1.4684315936604782
6.693279999999967  1.4626761286677485
6.709639999999966  1.4570806516952466
6.7259999999999645  1.451481069946291
6.742359999999967  1.4458548398651139
6.758719999999966  1.4402809230118767
6.7750799999999645  1.4345843687428743
6.791439999999965  1.4291145876910893
6.807799999999966  1.4235572217898265
6.824159999999963  1.4145857540562954
6.840519999999963  1.4071284189115767
6.856879999999964  1.4016738232886388
6.873239999999963  1.3956194665230282
6.8895999999999615  1.3870317931986191
6.905959999999964  1.3765169225470721
6.922319999999963  1.3703921139792017
6.9386799999999615  1.3654803424350934
6.95503999999996  1.3583894621454629
6.971399999999963  1.3528681024060938
6.98775999999996  1.3501181522912185
7.004119999999962  1.3443140996248097
7.020479999999961  1.3400335696553833
7.03683999999996  1.3349669981237036
7.053199999999959  1.3290849029558638
7.069559999999959  1.3236843575034922
7.085919999999958  1.317821975946127
7.10227999999996  1.3107366139465344
7.1186399999999574  1.304939112656903
7.13499999999996  1.2996676089671007
7.151359999999959  1.2930929588211797
7.1677199999999575  1.2863791495673702
7.184079999999956  1.2809626294020733
7.200439999999957  1.2753312510335055
7.216799999999956  1.2697104358123033
7.233159999999956  1.264113526756482
7.249519999999955  1.2584831154312797
7.2658799999999575  1.252918583904382
7.282239999999953  1.2472332265054284
7.298599999999953  1.241609552527503
7.314959999999954  1.237515528030713
7.3313199999999545  1.2318985395516169
7.347679999999955  1.2279754380082935
7.364039999999956  1.2245758898180683
7.380399999999953  1.2186873162720415
7.396759999999953  1.2145847104642038
7.413119999999954  1.2118428802585672
7.429479999999955  1.2080835342070806
7.445839999999952  1.2035460492989938
7.462199999999954  1.199859479859804
7.478559999999951  1.1972007643686806
7.494919999999952  1.1943791498103558
7.51127999999995  1.1915484400088823
7.527639999999951  1.1888448168385253
7.54399999999995  1.1855484989522784
7.5603599999999505  1.1803942869663384
7.576719999999951  1.175195374590245
7.59307999999995  1.172553258189073
7.609439999999949  1.1670925481190566
7.625799999999949  1.1622323442934333
7.64215999999995  1.1585395151592837
7.658519999999949  1.153499513654669
7.6748799999999475  1.1482426022080725
7.691239999999948  1.1456005196010102
7.707599999999947  1.1413256453720952
7.723959999999949  1.138539261435625
7.740319999999946  1.133859817239471
7.756679999999947  1.1293830495574904
7.773039999999946  1.1283454793298464
7.789399999999946  1.1253968153657559
7.805759999999943  1.1225744025171094
7.822119999999946  1.1196418089734332
7.838479999999946  1.1175888251488497
7.854839999999945  1.116376245637821
7.871199999999946  1.1149156016954298
7.887559999999945  1.1135189690723104
7.903919999999943  1.112235257570191
7.920279999999946  1.1098122087201545
7.936639999999945  1.1067027742570212
7.952999999999945  1.1044196538861315
7.969359999999944  1.1031805736027995
7.985719999999945  1.1017584552910242
8.002079999999944  1.1002249855220398
8.018439999999943  1.0998958201058207
8.034799999999946  1.100007385245695
8.051159999999946  1.100018401764268
8.067519999999947  1.1000266626014017
8.083879999999946  1.100032424606336
8.100239999999946  1.1000359446283106
8.116599999999947  1.1000374795165646
8.132959999999947  1.1000372861203376
8.14931999999995  1.1000356212888691
8.16567999999995  1.1000327418713989
8.18203999999995  1.100028904717166
8.19839999999995  1.1000243666754101
8.214759999999952  1.1000193845953712
8.231119999999951  1.1000142153262886
8.247479999999952  1.100009115717401
8.263839999999954  1.1000043426179489
8.280199999999953  1.1000001528771715
8.296559999999955  1.0999962695748624
8.312919999999954  1.1000010451653013
8.329279999999956  1.1000024143280727
8.345639999999955  1.0999923318105123
8.361999999999956  1.1000121498505087
8.378359999999956  1.1000085756752496
8.394719999999959  1.0998553176624677
8.411079999999957  1.1011068526492318
8.42743999999996  1.101859874600396
8.443799999999959  1.1016276242161749
8.46015999999996  1.101702709434317
8.47651999999996  1.1016910473821828
8.49287999999996  1.101538963446595
8.509239999999961  1.1027847820693286
8.525599999999963  1.1035705588741709
8.541959999999962  1.1032367282048265
8.558319999999963  1.1035053023467225
8.574679999999963  1.1049875228499926
8.591039999999964  1.1065303523865273
8.607399999999966  1.1068170176253103
8.623759999999967  1.1069033159634527
8.640119999999968  1.1102424922750291
8.656479999999968  1.1146421986199013
8.672839999999967  1.114774287855311
8.68919999999997  1.1174710158394106
8.705559999999966  1.11959587502025
8.721919999999969  1.1211377406450977
8.73827999999997  1.1218886718340935
8.75463999999997  1.1220567829757089
8.77099999999997  1.123538436110465
8.787359999999971  1.1233294221768864
8.803719999999972  1.125815235960387
8.820079999999972  1.1270897618687559
8.836439999999975  1.1273532869440714
8.852799999999975  1.1286352892320002
8.869159999999976  1.128560481559665
8.885519999999978  1.1314500663404408
8.901879999999979  1.1321176748439057
8.918239999999976  1.132448056762749
8.934599999999975  1.1344947556655627
8.950959999999975  1.136687952867695
8.967319999999978  1.138639482711397
8.983679999999978  1.1413174900356409
9.000039999999979  1.144623526401856
9.01639999999998  1.1453961359103413
9.032759999999978  1.1462155748825338
9.04911999999998  1.149197579932315
9.065479999999983  1.1504478818991446
9.081839999999984  1.1517877336965052
9.098199999999983  1.1534058491721055
9.114559999999985  1.1539436572779875
9.130919999999985  1.1538629598148435
9.147279999999986  1.1537388002949478
9.163639999999985  1.1537997620606242
9.179999999999986  1.1567206890650756
9.196359999999986  1.1573483992778462
9.212719999999985  1.1576676023228898
9.229079999999987  1.159842617835672
9.245439999999988  1.1628211882542656
9.261799999999988  1.1655771666015835
9.27815999999999  1.1669288957728952
9.294519999999991  1.1693624870799946
9.310879999999992  1.172338367244884
9.327239999999993  1.1750859355382586
9.343599999999991  1.1779042024528488
9.359959999999992  1.1807076942185675
9.376319999999994  1.1835229316320617
9.392679999999993  1.1862670757521865
9.409039999999994  1.1892983928478686
9.425399999999993  1.1914123525561977
9.441759999999995  1.192967753060302
9.458119999999997  1.1958615780482895
9.474479999999996  1.1973537614833312
9.490839999999999  1.1985969031830483
9.5072  1.2002628783687943
9.523559999999998  1.200987345778664
9.53992  1.2010817834939855
9.556280000000001  1.2026052332010488
9.572640000000002  1.2040288188966675
9.589000000000004  1.2053959730145132
9.605360000000003  1.206847855227002
9.62172  1.2081411260206623
9.63808  1.209758393488769
9.654440000000003  1.212684634656001
9.670800000000003  1.215778013347113
9.687160000000002  1.215987131470878
9.703520000000005  1.2174117467959233
9.719880000000005  1.2206185785124024
9.736240000000006  1.223372951147371
9.752600000000008  1.2261612132445507
9.768960000000009  1.2276556524027695
9.785320000000008  1.228765606500934
9.801680000000012  1.2312147868719252
9.81804000000001  1.2336362368994307
9.834400000000011  1.2348281443804665
9.85076000000001  1.2362645468178117
9.86712000000001  1.2376785019567946
9.883480000000011  1.2390331316676604
9.899840000000014  1.2405940074290438
9.916200000000012  1.2414931125772874
9.932560000000011  1.2412370889444326
9.948920000000014  1.2413169013187328
9.965280000000016  1.2427757059076732
9.981640000000015  1.2431361500743054
9.998000000000017  1.2429121752890346
10.014360000000018  1.2431377500404057
10.030720000000018  1.2427763690493112
10.047080000000019  1.2413216171644805
10.063440000000018  1.241288100528832
10.079800000000017  1.2412214772437409
10.096160000000019  1.241979881182527
10.112520000000021  1.2436998901141845
10.128880000000022  1.2447805387390856
10.14524000000002  1.2446849845568222
10.161600000000023  1.244667120967497
10.177960000000022  1.244726405267599
10.194320000000022  1.244559255507845
10.210680000000023  1.245080973510258
10.227040000000024  1.2467272680640265
10.243400000000026  1.2480515719395926
10.259760000000027  1.2480729203504448
10.276120000000027  1.2481223127998922
10.292480000000024  1.2477187510206353
10.308840000000027  1.2490926823876523
10.325200000000027  1.251676040189552
10.341560000000026  1.2514125360661548
10.35792000000003  1.2514095608906635
10.374280000000029  1.2513012090132727
10.39064000000003  1.2520886651481198
10.40700000000003  1.2538054694978038
10.423360000000033  1.254873203255039
10.439720000000033  1.254778523900241
10.456080000000034  1.254793323676202
10.472440000000034  1.2546556769502613
10.488800000000033  1.2554588671916043
10.505160000000036  1.2571778466436134
10.521520000000034  1.2582292682316953
10.537880000000033  1.2581443373882435
10.554240000000036  1.25823203283769
10.570600000000036  1.2571118327212787
10.586960000000037  1.2555555032136776
10.603320000000037  1.2542497221500208
10.61968000000004  1.2527342768119745
10.636040000000039  1.251409572597919
10.652400000000041  1.2514965226044243
10.66876000000004  1.2502565748786574
10.685120000000042  1.2495438135270789
10.701480000000041  1.2498162388678868
10.717840000000045  1.2496608983203197
10.734200000000044  1.2497445762633803
10.750560000000043  1.2512034615693968
10.766920000000043  1.2515686612751469
10.783280000000044  1.2512351941997348
10.799640000000045  1.2518669993040106
10.816000000000045  1.2534254618109428
10.832360000000046  1.2548006354279468
10.848720000000046  1.2561988306033494
10.865080000000047  1.2576207358206932
10.881440000000048  1.2589623477948964
10.89780000000005  1.2605377179104946
10.91416000000005  1.2615675321829347
10.930520000000051  1.2615184204398249
10.946880000000053  1.2628819084174472
10.963240000000052  1.2643841687336321
10.979600000000051  1.2656781945175306
10.99596000000005  1.267288903597493
11.012320000000054  1.268268794633793
11.028680000000055  1.2682570834360025
11.045040000000053  1.269810349178163
11.061400000000056  1.2689726033711848
11.077760000000056  1.2673223734239683
11.094120000000055  1.2658885447778516
11.110480000000056  1.2647591755834586
11.126840000000058  1.2648779344621426
11.14320000000006  1.2648850172532187
11.15956000000006  1.2648662233321082
11.175920000000062  1.2648789590471905
11.19228000000006  1.264865673055882
11.208640000000061  1.2648877520701012
11.22500000000006  1.264868979857054
11.24136000000006  1.2647797555784202
11.257720000000063  1.2659418766700896
11.274080000000064  1.2674631493127202
11.290440000000062  1.268837709224531
11.306800000000063  1.2702158938476238
11.323160000000064  1.2716491414398763
11.339520000000064  1.2732027151015284
11.355880000000067  1.272999494154991
11.372240000000067  1.2751072677255222
11.388600000000068  1.2767916640836598
11.404960000000067  1.277040519027271
11.421320000000067  1.280089114006067
11.437680000000068  1.2815347200490887
11.454040000000068  1.2827574407440183
11.470400000000069  1.2845060597628544
11.486760000000071  1.2849470083815437
11.50312000000007  1.2855483829497711
11.51948000000007  1.28848642080308
11.535840000000073  1.2886101091537034
11.552200000000074  1.2873251803218273
11.568560000000074  1.285711449370331
11.584920000000075  1.284922657657277
11.601280000000074  1.2850919672226446
11.617640000000076  1.2850607625540298
11.634000000000075  1.2850593142822746
11.650360000000077  1.2850663286141701
11.666720000000076  1.285053030339581
11.683080000000075  1.2850869047448241
11.699440000000077  1.2850144835674424
11.715800000000078  1.2850850273703296
11.732160000000079  1.2864367893632198
11.74852000000008  1.2881735843883604
11.764880000000081  1.2881921572414243
11.781240000000082  1.2895530560464374
11.797600000000083  1.2920586465218291
11.813960000000083  1.2917896377640616
11.830320000000084  1.2930345737932551
11.846680000000084  1.2961366789811897
11.863040000000085  1.2968012486102731
11.879400000000086  1.2978055729776081
11.895760000000084  1.3007326069902931
11.912120000000085  1.3019295928923693
11.928480000000084  1.3033277279933997
11.944840000000085  1.3047570524764784
11.961200000000089  1.306143870965354
11.97756000000009  1.307555018126382
11.993920000000088  1.3089487657837404
12.010280000000089  1.3103589981823163
12.026640000000091  1.311786713504946
12.043000000000092  1.3124150382688278
12.059360000000092  1.3101226616656114
12.075720000000093  1.3082638419200787
12.092080000000093  1.30869142067292
12.108440000000096  1.3086110795236885
12.124800000000093  1.3086139327582944
12.141160000000093  1.3085940408077947
12.157520000000096  1.308710741990254
12.173880000000095  1.3083400715287423
12.190240000000095  1.3092008482874364
12.206600000000096  1.3120475414784472
12.222960000000098  1.311981574556628
12.239320000000097  1.313025315622994
12.2556800000001  1.3146271153567746
12.272040000000098  1.3159541635652934
12.288400000000102  1.3173804952310466
12.304760000000101  1.3187758788732726
12.321120000000104  1.3201692454647334
12.337480000000104  1.3216447657817936
12.353840000000101  1.3227491895823793
12.370200000000102  1.3251527618256618
12.386560000000102  1.3272566908302277
12.402920000000105  1.3271872349696783
12.419280000000105  1.3300630061356724
12.435640000000104  1.3318336315358925
12.452000000000107  1.3329784470282156
12.468360000000105  1.334635840226029
12.484720000000108  1.335593892705647
12.501080000000107  1.3355613848128884
12.517440000000109  1.336944729533828
12.53380000000011  1.3385891144741116
12.550160000000112  1.338964641949019
12.566520000000109  1.339003003178533
12.58288000000011  1.338604086782685
12.599240000000112  1.3371746593197713
12.61560000000011  1.3372025852045637
12.631960000000113  1.3370745762676792
12.648320000000112  1.3381287172243306
12.664680000000114  1.3391101849287899
12.681040000000115  1.3388023640723095
12.697400000000115  1.3389413877330916
12.713760000000116  1.3403272959156487
12.730120000000117  1.3419584476492405
12.746480000000117  1.342304113684063
12.762840000000118  1.3425420516095392
12.779200000000118  1.3447486028312183
12.795560000000117  1.347365769745735
12.811920000000118  1.3471965037153866
12.828280000000118  1.3496494888446087
12.844640000000119  1.351797016414111
12.86100000000012  1.3529786941211823
12.877360000000122  1.3543351864037303
12.893720000000123  1.3558709965772309
12.910080000000121  1.3587815030799961
12.926440000000122  1.3601690085201756
12.942800000000124  1.3628231338225385
12.959160000000125  1.364225581888205
12.975520000000124  1.3646278227201925
12.991880000000126  1.3696206712789527
1.06544  1.3657926112962158
1.0817999999999997  1.3658491794227299
1.0981599999999994  1.3658157845076926
1.11452  1.3655606529234376
1.1308799999999997  1.3681502247550585
1.1472399999999998  1.3695543320234083
1.1635999999999995  1.3689891056159766
1.1799599999999997  1.3693821175506775
1.1963199999999998  1.3708706875039005
1.212679999999999  1.3722855168325685
1.2290399999999988  1.3736522556985147
1.245399999999999  1.3751404943107022
1.2617599999999995  1.3763146937258406
1.2781199999999993  1.3781894474892114
1.2944799999999985  1.3809657004130127
1.3108399999999991  1.3808327887663074
1.3271999999999988  1.3831045236899364
1.3435599999999985  1.3854449086742553
1.3599199999999987  1.3863899357607659
1.3762799999999988  1.3882253906432096
1.3926399999999985  1.3910722237719237
1.4089999999999978  1.3925326448735338
1.425359999999998  1.393775247758637
1.4417199999999981  1.3955102631743685
1.4580799999999987  1.3959883548185783
1.4744399999999984  1.3965487255293958
1.4907999999999977  1.3994834948864785
1.5071599999999978  1.399557760259174
1.523519999999998  1.3994959781996434
1.5398799999999977  1.3991440297482676
1.5562399999999974  1.4005353076873805
1.572599999999998  1.4030846218903468
1.5889599999999977  1.402826365342112
1.6053199999999974  1.4029256384061402
1.6216799999999971  1.4016522065789685
1.6380399999999973  1.4009932430306287
1.6543999999999979  1.401143737357271
1.6707599999999976  1.4012454119192936
1.6871199999999968  1.4028720430200807
1.7034799999999974  1.405909323472755
1.7198399999999976  1.4060296007857325
1.7361999999999969  1.4078902608149895
1.7525599999999961  1.4098396309381747
1.7689199999999967  1.4096816853757506
1.7852799999999969  1.4112695767616619
1.8016399999999966  1.412651619296779
1.8179999999999967  1.4144274519590292
1.8343599999999964  1.4161249740491413
1.850719999999997  1.4157819325440384
1.8670799999999963  1.4150852373983391
1.8834399999999965  1.4168764631728066
1.8997999999999962  1.4182342248561004
1.9161599999999963  1.4230641209384522
1.9325199999999965  1.4253716133142162
1.9488799999999962  1.4241652498242585
1.9652399999999963  1.4245094391884474
1.981599999999997  1.4269858328211384
1.9979599999999962  1.4281791878164452
2.014319999999996  1.4300087071638183
2.0306799999999967  1.4321446908689042
2.0470399999999964  1.433693081667365
2.063399999999996  1.4351917423592324
2.079759999999996  1.4373739571903117
2.0961199999999964  1.4395504778639088
2.112479999999996  1.4408957844427401
2.1288399999999976  1.443143374133349
2.1451999999999964  1.4460867251804506
2.161559999999998  1.4489480147859202
2.1779199999999967  1.4516656462484059
2.1942799999999982  1.4529702260555781
2.210639999999997  1.4556920410261358
2.2269999999999976  1.4575420266932397
2.2433599999999982  1.459463254033715
2.259719999999999  1.462166271519239
2.2760799999999977  1.4634342845856294
2.2924399999999983  1.4649375805532023
2.308799999999999  1.4650489674344542
2.3251599999999994  1.4657447928460003
2.341519999999999  1.467543811195506
2.3578799999999998  1.468485869207161
2.3742399999999995  1.468461420457038
2.3906  1.4698710347998323
2.4069599999999998  1.471142902613746
2.4233199999999995  1.4735736434938718
2.43968  1.4759608007117508
2.45604  1.477141345931646
2.4724000000000004  1.4785834746028312
2.488760000000001  1.4799819615017695
2.50512  1.4814182119246322
2.5214800000000013  1.4826663518447738
2.53784  1.4846194326644546
2.5542000000000016  1.4877086920112563
2.5705600000000004  1.4903739903216118
2.586920000000002  1.4916801199185192
2.6032800000000016  1.4943914724549097
2.6196400000000013  1.4963314018282312
2.636000000000002  1.4979410767883201
2.6523600000000016  1.5013804233430756
2.668720000000002  1.5055874479725073
2.685080000000002  1.508424287087923
2.7014400000000025  1.5110274785880844
2.717800000000002  1.5144019501796397
2.734160000000002  1.5154251586780851
2.7505200000000025  1.5163327395518653
2.7668800000000022  1.5206877938160432
2.783240000000003  1.5210623219478143
2.7996000000000025  1.5243475932284727
2.815960000000003  1.5264659106779253
2.8323200000000037  1.526718698247905
2.8486800000000034  1.5286551860404038
2.865040000000003  1.5314448781785275
2.8814000000000037  1.5328830143362075
2.8977600000000034  1.5360379113995315
2.914120000000004  1.539526655434107
2.9304800000000037  1.5413779299683086
2.9468400000000052  1.5430654486297528
2.963200000000005  1.5459298778597503
2.9795600000000055  1.5473412625827363
2.9959200000000052  1.5486638352995983
3.012280000000005  1.5501244701631778
3.0286400000000055  1.5514627780636965
3.0450000000000053  1.5529778896958395
3.061360000000005  1.554264522601569
3.0777200000000065  1.554192689563656
3.0940800000000053  1.5553219315270375
3.110440000000006  1.5568778949332185
3.1268000000000065  1.5582147525749186
3.143160000000006  1.5596546456793663
3.159520000000006  1.5610308577368783
3.1758800000000074  1.562736406553358
3.192240000000007  1.5667146663370635
3.208600000000007  1.5679622851828656
3.2249600000000065  1.5704945451482253
3.241320000000007  1.5751780772706032
3.257680000000007  1.576162253735411
3.2740400000000074  1.5776235814222637
3.290400000000007  1.5783983882437442
3.3067600000000077  1.580873133182578
3.3231200000000074  1.5841999628419228
3.339480000000008  1.5869421825431202
3.3558400000000077  1.5896849503083177
3.372200000000009  1.5911068663032109
3.388560000000009  1.592283721304923
3.4049200000000086  1.5946825669988542
3.421280000000009  1.5975242094345794
3.437640000000009  1.600546318267361
3.4540000000000086  1.6030646447786554
3.470360000000009  1.6024253507947404
3.486720000000009  1.6046209573534485
3.5030800000000104  1.6078748780529635
3.5194400000000092  1.61171983673981
3.53580000000001  1.6139931158449536
3.5521600000000095  1.6131735210544456
3.568520000000011  1.6160510482032335
3.5848800000000107  1.617938495385947
3.6012400000000104  1.618687157452867
3.617600000000011  1.6217076289854495
3.6339600000000107  1.6256077337721913
3.6503200000000113  1.6259611173172768
3.666680000000011  1.6248388118664774
3.6830400000000107  1.6270960641172998
3.6994000000000113  1.6301591793583399
3.715760000000012  1.6330454328169317
3.7321200000000117  1.6353994917235906
3.7484800000000114  1.636822046246473
3.764840000000013  1.6397564982460444
